0.715271
0.653744
0.497334
0.699265
0.662483
0.627035
0.742084
0.773025
0.617266
0.671646
0.818805
0.759021
0.764027
0.641811
0.696667
0.754463
0.588133
0.868661
0.724835
0.491827
0.490923
0.845356
0.536692
0.848649
0.649970
0.682442
0.764552
0.771956
0.559975
0.872774
0.683599
0.799312
0.727333
0.799263
0.566098
0.716366
0.766574
0.628250
0.354350
0.631377
0.653712
0.729410
0.890559
0.516368
0.483775
0.743681
0.742149
0.646740
0.723709
0.641024
0.602492
0.815757
0.561859
0.641784
0.691392
0.721645
0.615514
0.741052
0.669372
0.569948
0.398748
0.768353
0.668172
0.630989
0.571077
0.855163
0.597675
0.828777
0.748267
0.764978
0.746950
0.830095
0.864047
0.740207
0.842873
0.555316
0.553220
0.803932
0.924607
0.821190
0.558215
0.757813
0.458621
0.515279
0.642392
0.770672
0.729865
0.684348
0.591433
0.752133
0.666717
0.467418
0.801410
0.624991
0.789574
0.657493
0.675016
0.578545
0.549110
0.759833
0.849417
0.710214
0.686923
0.780208
0.390475
0.651261
0.514086
0.838475
0.631304
0.751585
0.610653
0.691771
0.781582
0.693859
0.451402
0.726208
0.884870
0.611444
0.785760
0.363312
0.534282
0.524856
0.606828
0.739789
0.836330
0.808464
0.671859
0.603724
0.522950
0.692474
0.679783
0.632693
0.733166
0.563638
0.535518
0.604307
0.815315
0.728762
0.596369
0.713525
0.746342
0.662248
0.740134
0.696729
0.604933
0.710464
0.609786
0.594017
0.846471
0.753112
0.628508
0.801302
0.761912
0.636956
0.892955
0.759739
0.644729
0.746610
0.659930
0.736733
0.293442
0.621611
0.690296
0.827679
0.726380
0.796090
0.760722
0.780613
0.711600
0.779404
0.550579
0.632888
0.441681
0.571819
0.691643
0.562739
0.750626
0.520066
0.679859
0.785467
0.665431
0.451856
0.403535
0.892677
0.864282
0.532955
0.497983
0.645817
0.589169
0.675538
0.692765
0.711880
0.855609
0.733421
0.784345
0.484570
0.812000
0.639615
0.596833
0.825568
0.744284
0.738877
0.709843
0.522483
0.747684
0.726296
0.483394
0.626095
0.572768
0.432629
0.689578
0.816971
0.829627
0.878237
0.677419
0.835077
0.805767
0.623822
0.729841
0.808510
0.846287
0.700391
0.494485
0.664576
0.672940
0.786750
0.631897
0.639391
0.705841
0.596218
0.677744
0.626852
0.596722
0.499134
0.730414
0.849494
0.759302
0.489370
0.766589
0.718834
0.674474
0.623560
0.569805
0.674675
0.761943
0.726527
0.853157
0.697970
0.833544
0.568242
0.650024
0.581234
0.806282
0.881010
0.483467
0.696925
0.621297
0.642276
0.678752
0.604419
0.715775
0.864751
0.512602
0.667416
0.772885
0.593528
0.769302
0.831330
0.777224
0.767735
0.560714
0.759800
0.517341
0.604717
0.729671
0.726882
0.825770
0.694868
0.672900
0.753142
0.517378
0.714439
0.646909
0.829214
0.535448
0.906972
0.560610
0.789927
0.816359
0.689684
0.437015
0.570491
0.718423
0.761683
0.860393
0.654945
0.675033
0.892160
0.576363
0.623727
0.635923
0.722985
0.648032
0.795667
0.635564
0.649239
0.732836
0.537465
0.619316
0.761260
0.632300
0.685177
0.790680
0.654107
0.519902
0.660185
0.641960
0.573303
0.587088
0.572703
0.855946
0.419956
0.745680
0.790548
0.600447
0.722216
0.549647
0.660869
0.696632
0.626410
0.715209
0.696479
0.680844
0.905287
0.702062
0.804422
0.708615
0.733950
0.730785
0.653717
0.512043
0.540007
0.603070
0.663701
0.817243
0.806139
0.665527
0.612924
0.613768
0.697933
0.747474
0.670301
0.616932
0.800376
0.708515
0.838781
0.506544
0.470941
0.653102
0.826780
0.829889
0.670904
0.644116
0.462366
0.632725
0.683841
0.801496
0.572055
0.495865
0.665553
0.879347
0.779533
0.459081
0.588590
0.590150
0.632700
0.562824
0.832761
0.679131
0.774110
0.522658
0.884912
0.602121
0.708649
0.606379
0.386428
0.744602
0.717391
0.353852
0.807868
0.665661
0.779565
0.679151
0.827611
0.646535
0.562948
0.582181
0.706043
0.767317
0.704231
0.780318
0.790913
0.714144
0.469440
0.808937
0.835859
0.543904
0.677490
0.516321
0.499334
0.516489
0.743003
0.557280
0.744418
0.638878
0.806457
0.785472
0.776636
0.559719
0.673203
0.787170
0.748461
0.607402
0.668645
0.380613
0.610648
0.570512
0.705359
0.676840
0.439894
0.792136
0.772133
0.777503
0.345207
0.647868
0.743520
0.753968
0.715439
0.739561
0.809390
0.583507
0.744597
0.646655
0.805432
0.652861
0.728093
0.697064
0.786879
0.794808
0.470008
0.856853
0.724963
0.603822
0.612396
0.720619
0.771935
0.746896
0.665946
0.659946
0.525958
0.308185
0.679910
0.513369
0.231110
0.340321
0.700025
0.453052
0.707771
0.533764
0.725278
0.741621
0.543093
0.480264
0.684155
0.630821
0.672085
0.682284
0.657285
0.755873
0.602556
0.520037
0.677666
0.799883
0.632209
0.528053
0.768455
0.725435
0.561935
0.615940
0.511954
0.663563
0.557647
0.568629
0.355027
0.694410
0.492629
0.750205
0.595087
0.591089
0.672409
