0.661407
0.582738
0.761613
0.857635
0.635301
0.717571
0.686797
0.889848
0.661568
0.651520
0.647680
0.810847
0.645506
0.695545
0.771666
0.840974
0.774399
0.650985
0.630473
0.708277
0.731748
0.720218
0.734810
0.839457
0.642627
0.532998
0.722086
0.828665
0.415437
0.792051
0.760942
0.640317
0.699433
0.752070
0.775432
0.662817
0.759353
0.755056
0.514236
0.668713
0.464880
0.714002
0.777918
0.795679
0.460809
0.711563
0.676545
0.757269
0.716935
0.534837
0.551778
0.790666
0.630744
0.608184
0.778247
0.434500
0.737521
0.726480
0.745948
0.693203
0.580684
0.698017
0.695374
0.700928
0.858835
0.856702
0.498177
0.663823
0.796529
0.549504
0.641682
0.735148
0.655652
0.774750
0.823308
0.622038
0.478495
0.767148
0.671431
0.690195
0.682348
0.754256
0.686823
0.769261
0.660056
0.539321
0.803433
0.743703
0.617338
0.722728
0.484169
0.695644
0.799785
0.749458
0.813747
0.620030
0.715850
0.725289
0.597605
0.634256
0.786407
0.717436
0.686195
0.777037
0.489929
0.647748
0.750709
0.891128
0.781227
0.680640
0.743828
0.685874
0.638748
0.655138
0.559977
0.798776
0.776634
0.618893
0.671105
0.438040
0.601358
0.494266
0.572769
0.739559
0.742995
0.788755
0.749409
0.815931
0.636529
0.703731
0.687323
0.706439
0.726717
0.658096
0.754043
0.805295
0.808650
0.723507
0.626403
0.712986
0.847781
0.776761
0.662588
0.680152
0.686333
0.687775
0.778225
0.781903
0.777999
0.732902
0.619843
0.820343
0.581886
0.571622
0.827049
0.813733
0.622704
0.789984
0.754641
0.813260
0.592329
0.791412
0.756278
0.789010
0.782004
0.806486
0.762953
0.773315
0.693753
0.739768
0.814419
0.709621
0.484569
0.701169
0.610561
0.811691
0.704333
0.549110
0.599117
0.866473
0.634814
0.482302
0.725870
0.539246
0.768405
0.639605
0.633091
0.803002
0.696674
0.766027
0.863089
0.649712
0.737939
0.771478
0.628050
0.643250
0.622415
0.770947
0.784432
0.737877
0.725749
0.841737
0.504516
0.791777
0.640229
0.746555
0.711761
0.742033
0.720797
0.539454
0.751523
0.758001
0.702595
0.747097
0.867577
0.796932
0.710859
0.619053
0.719823
0.830520
0.557873
0.596560
0.613677
0.788635
0.822345
0.749753
0.568008
0.698901
0.707951
0.784367
0.729112
0.621096
0.430406
0.645799
0.711303
0.671011
0.656164
0.785493
0.806919
0.709795
0.622284
0.706762
0.822625
0.626615
0.720442
0.767872
0.744733
0.739235
0.557926
0.662388
0.846622
0.642732
0.828559
0.659396
0.668665
0.572348
0.751849
0.651039
0.723262
0.412055
0.745627
0.795138
0.732090
0.891061
0.723718
0.531706
0.753589
0.847843
0.736076
0.732968
0.788678
0.674656
0.751651
0.689405
0.868875
0.754388
0.830462
0.648724
0.643587
0.852571
0.532499
0.794054
0.680539
0.739566
0.708144
0.707352
0.704188
0.905450
0.540736
0.771589
0.710248
0.779578
0.726187
0.762445
0.830435
0.765913
0.474123
0.781253
0.596092
0.705043
0.552203
0.563486
0.830754
0.702936
0.653713
0.672048
0.642636
0.569710
0.609163
0.828053
0.713956
0.663836
0.652805
0.811221
0.512331
0.888934
0.630517
0.702763
0.618824
0.563539
0.687015
0.506009
0.851107
0.771057
0.739005
0.713164
0.655657
0.675442
0.738817
0.751207
0.808833
0.700993
0.630516
0.655117
0.857530
0.608083
0.824817
0.714277
0.749773
0.782894
0.817512
0.673054
0.709238
0.669361
0.636459
0.638123
0.773754
0.650785
0.685315
0.830447
0.711331
0.691360
0.818871
0.818715
0.865150
0.858466
0.716930
0.605353
0.734885
0.820028
0.862697
0.672672
0.682952
0.618142
0.705988
0.637337
0.650597
0.622474
0.624194
0.630568
0.797057
0.794237
0.642294
0.630339
0.583479
0.652205
0.723209
0.792869
0.627435
0.639924
0.645428
0.808972
0.699704
0.642218
0.851333
0.681934
0.641901
0.712572
0.660753
0.601724
0.744940
0.771401
0.715173
0.882045
0.622890
0.673513
0.739096
0.705401
0.750046
0.796638
0.594199
0.701635
0.733228
0.533547
0.850985
0.789740
0.750938
0.714802
0.653852
0.561509
0.555351
0.826922
0.377490
0.749213
0.775391
0.803682
0.698158
0.805921
0.642228
0.843375
0.613024
0.756621
0.782069
0.642858
0.780606
0.639133
0.709794
0.630153
0.539681
0.599333
0.757159
0.302064
0.831624
0.493212
0.599686
0.763510
0.583100
0.724668
0.672042
0.757799
0.750787
0.649299
0.792003
0.622744
0.579210
0.687014
0.702159
0.704503
0.756455
0.708387
0.752297
0.649319
0.687128
0.627371
0.733780
0.804773
0.733117
0.734058
0.674598
0.519822
0.509138
0.539476
0.709529
0.260814
0.526399
0.805426
0.588468
0.576395
0.579328
0.757314
0.812453
0.628167
0.540136
0.763692
0.615699
0.669767
0.774580
0.730234
0.852423
0.607197
0.553950
0.701578
0.782580
0.776545
0.721878
0.740036
0.730070
0.660535
0.497249
0.576278
0.709714
0.670464
0.680275
0.548952
0.731129
0.452307
0.775080
0.772815
0.660165
0.573346
