0.02055103 0.01342267
0.00909422 0.00640883
0.00721138 0.00528679
0.00503991 0.00380658
0.00536085 0.00452118
0.01229859 0.00948567
0.00136992 0.00119727
0.00308327 0.00209654
0.00491797 0.00391191
0.00405913 0.00337644
0.00436544 0.00363720
0.00157674 0.00136931
0.00583926 0.00451519
0.00381154 0.00280230
0.00302832 0.00235654
0.00462409 0.00326684
0.00454228 0.00384004
0.00302049 0.00212299
0.00259624 0.00231993
0.01117155 0.00817451
0.00575030 0.00459092
0.00156254 0.00139322
0.00390247 0.00344139
0.00231056 0.00209403
0.00175874 0.00154110
0.00135077 0.00133610
0.00635982 0.00512577
0.00192329 0.00172986
0.00460686 0.00351451
0.00077585 0.00073935
0.00245180 0.00239357
0.00196862 0.00161476
0.00157756 0.00135160
0.00385594 0.00310402
0.00600608 0.00552539
0.00368788 0.00317352
0.00153121 0.00138361
0.04785407 0.03215071
0.02596959 0.01757577
0.00548248 0.00432246
0.00289644 0.00258617
0.00827074 0.00681821
0.00054796 0.00056159
0.00351005 0.00342992
0.01052637 0.00858142
0.00163147 0.00141986
0.00194470 0.00161910
0.00811969 0.00626633
0.00175161 0.00153420
0.00305229 0.00260064
0.01215336 0.00998518
0.00118017 0.00109298
0.01753245 0.01391277
0.00252939 0.00209777
0.01074984 0.00958502
0.00193965 0.00184687
0.01222394 0.01006732
0.00142199 0.00137426
0.00446500 0.00321077
0.00512708 0.00446507
0.02537776 0.01832542
0.00066908 0.00075062
0.00273145 0.00227589
0.00509663 0.00442311
0.00343398 0.00298717
0.00061330 0.00059681
0.02364915 0.01571858
0.00152041 0.00138974
0.00182596 0.00168066
0.00170432 0.00146538
0.00682591 0.00497701
0.00119101 0.00101586
0.00195839 0.00166017
0.00910993 0.00644286
0.00140166 0.00125735
0.00306740 0.00248133
0.00907863 0.00610700
0.00298263 0.00253079
0.00381009 0.00283750
0.00234496 0.00214711
0.00467574 0.00387623
0.00390209 0.00338565
0.01661934 0.01338125
0.00317639 0.00253836
0.00454054 0.00383694
0.00113672 0.00094976
0.00252246 0.00241872
0.00459557 0.00370498
0.00259261 0.00212933
0.00211279 0.00179587
0.00536849 0.00426413
0.01444834 0.00960263
0.00084485 0.00075882
0.00514102 0.00385102
0.00196682 0.00169620
0.00407931 0.00313268
0.00269874 0.00233767
0.00437870 0.00366040
0.02751829 0.01996471
0.00230089 0.00178579
0.00194919 0.00166079
0.00200061 0.00176262
0.01098767 0.00981492
0.00421105 0.00351391
0.03894389 0.02580496
0.01022022 0.00811791
0.00542314 0.00422581
0.00072605 0.00071745
0.00331889 0.00298943
0.00259860 0.00219044
0.00440322 0.00351900
0.00325175 0.00238032
0.00179130 0.00160024
0.00332853 0.00284355
0.00594549 0.00563567
0.00469342 0.00400590
0.00244222 0.00216825
0.00202725 0.00182852
0.00201852 0.00160115
0.02192047 0.01725842
0.00511177 0.00381480
0.00513841 0.00365417
0.00248853 0.00219710
0.00137970 0.00120047
0.00112518 0.00105427
0.00117475 0.00104385
0.00203720 0.00173951
0.00441936 0.00374126
0.00948293 0.00836781
0.00308258 0.00261258
0.00315473 0.00279263
0.00525880 0.00412302
0.00176366 0.00155658
0.00739954 0.00625287
0.00923720 0.00693314
0.00626326 0.00445769
0.00361566 0.00293351
0.00462009 0.00418765
0.00722955 0.00525228
0.00187800 0.00159878
0.00098872 0.00085936
0.00241863 0.00191889
0.00198504 0.00171707
0.00267455 0.00247367
0.01115626 0.00784924
0.00415473 0.00338485
0.00454975 0.00349227
0.00292224 0.00244344
0.00422077 0.00323215
0.01069053 0.00791277
0.00244835 0.00209839
0.00279557 0.00236025
0.00113393 0.00104796
0.00356077 0.00304768
0.00124424 0.00112492
0.00098060 0.00089034
0.00438907 0.00385416
0.00439620 0.00380163
0.00204579 0.00170701
0.00396235 0.00327747
0.02207903 0.01632416
0.00210658 0.00195954
0.00207170 0.00167234
0.00127808 0.00102055
0.00116996 0.00111616
0.00140252 0.00120495
0.00167486 0.00151398
0.00371427 0.00293922
0.00514480 0.00409529
0.00167356 0.00134976
0.00571463 0.00461485
0.00652855 0.00511424
0.01951524 0.01424990
0.01092740 0.00839039
0.00383425 0.00385003
0.00992539 0.00846539
0.00155274 0.00129964
0.01264504 0.00962617
0.00322866 0.00296192
0.00848117 0.00544749
0.00158369 0.00147076
0.00750911 0.00591131
0.00981041 0.00770924
0.00165987 0.00148100
0.00103634 0.00094394
0.01392645 0.01005182
0.01089884 0.00732655
0.00185469 0.00164333
0.00377881 0.00293486
0.00444642 0.00341260
0.00361256 0.00265983
0.00314866 0.00256431
0.00132046 0.00139929
0.00255522 0.00231880
0.00221883 0.00190171
0.02585227 0.01587290
0.00106165 0.00096842
0.00437200 0.00392185
0.00361638 0.00281138
0.00093302 0.00095483
0.00569859 0.00487964
0.00445190 0.00370645
0.00183819 0.00169292
0.00543135 0.00437171
0.00190741 0.00167912
0.00158735 0.00143007
0.00525571 0.00421161
0.00244136 0.00214359
0.00361480 0.00326426
0.01311861 0.00988659
0.00210674 0.00184152
0.00077934 0.00075201
0.00084510 0.00079584
0.00059534 0.00059200
0.00235968 0.00205809
0.00089967 0.00081996
0.00651679 0.00477335
0.00257852 0.00239999
0.00280578 0.00234616
0.00158939 0.00150408
0.00176828 0.00127881
0.00237181 0.00197934
0.01108579 0.00804774
0.00197819 0.00170079
0.00230430 0.00200562
0.00063137 0.00059374
0.01259034 0.00882162
0.00464480 0.00419097
0.00226380 0.00183356
0.00353821 0.00297801
0.00357099 0.00303713
0.00907121 0.00707602
0.01969571 0.01547838
0.00787014 0.00634236
0.00290476 0.00231219
0.00251085 0.00213014
0.00390517 0.00327856
0.00378086 0.00286148
0.00129966 0.00119605
0.00300370 0.00220479
0.00286709 0.00247661
0.00581869 0.00489190
0.00216729 0.00199040
0.00413340 0.00315907
0.00142323 0.00132982
0.00100679 0.00096943
0.00080483 0.00073143
0.00397898 0.00331107
0.00234384 0.00195441
0.00459198 0.00392627
0.00439738 0.00374660
0.01952257 0.01473325
0.00123141 0.00115739
0.00075008 0.00070842
0.04108110 0.03206185
0.00223455 0.00212331
0.00319522 0.00268912
0.00421146 0.00326276
0.00343573 0.00319336
0.01632998 0.01282178
0.00455470 0.00361445
0.00112670 0.00109015
0.00417172 0.00342963
0.00174672 0.00148631
0.00106403 0.00099671
0.00605482 0.00515311
0.00130565 0.00116254
0.00133859 0.00136381
0.00312675 0.00254454
0.00104924 0.00094895
0.00564047 0.00478523
0.00308466 0.00254176
0.00625747 0.00469110
0.00548395 0.00407941
0.00206684 0.00184138
0.00228331 0.00215561
0.00160849 0.00150130
0.01078774 0.00860175
0.00443522 0.00346225
0.02394479 0.01782078
0.02277144 0.01620459
0.00236136 0.00213021
0.00560950 0.00458987
0.00075420 0.00077114
0.00906112 0.00672306
0.00226869 0.00184157
0.00579116 0.00491767
0.00083273 0.00081900
0.00509982 0.00466880
0.00653275 0.00499693
0.02183880 0.01571853
0.00467910 0.00408011
0.00747592 0.00484434
0.00123686 0.00112881
0.00112447 0.00100678
0.00427044 0.00396578
0.00223380 0.00187428
0.00088333 0.00077545
0.00716295 0.00590001
0.00294434 0.00243392
0.01054555 0.00743596
0.00515564 0.00407659
0.00750587 0.00595756
0.00509192 0.00401452
0.00729311 0.00609795
0.01189919 0.00858586
0.01107519 0.00823016
0.01820891 0.01201921
0.00784545 0.00768439
0.00134892 0.00120366
0.00533586 0.00403192
0.00220407 0.00186261
0.00157232 0.00130061
0.00424251 0.00393308
0.00404594 0.00328146
0.00505273 0.00435331
0.00201023 0.00199007
0.01381749 0.00992619
0.00723241 0.00550852
0.00302046 0.00259133
0.00084715 0.00075759
0.00997543 0.00734015
0.00152285 0.00127618
0.00388169 0.00318682
0.00267696 0.00227068
0.00388716 0.00311089
0.00736998 0.00584504
0.00235248 0.00214553
0.00130361 0.00109406
0.00398928 0.00328888
0.00424002 0.00327687
0.00496561 0.00401172
0.00756445 0.00662387
0.00272974 0.00185568
0.00236914 0.00209528
0.00315880 0.00233291
0.00161705 0.00124130
0.00160238 0.00139568
0.00190620 0.00164235
0.02079039 0.01443839
0.00493034 0.00366276
0.00930282 0.00739087
0.00307112 0.00258248
0.00921426 0.00714348
0.00108615 0.00093714
0.00140056 0.00128947
0.01412392 0.01155475
0.00806841 0.00570923
0.01415689 0.01130132
0.00464248 0.00352158
0.00406938 0.00317456
0.00746115 0.00590553
0.01479127 0.01060227
0.00095169 0.00082914
0.00144961 0.00122001
0.00117054 0.00098977
0.00753540 0.00611927
0.00708723 0.00579648
0.00231632 0.00219510
0.00617191 0.00616237
0.00073851 0.00072573
0.00229928 0.00198769
0.00396697 0.00319173
0.01399958 0.01090236
0.00209678 0.00187700
0.00806629 0.00583975
0.00089330 0.00084659
0.00482568 0.00354001
0.00550777 0.00442041
0.00336051 0.00301357
0.00317402 0.00257606
0.00692861 0.00558023
0.01182115 0.00888293
0.00741879 0.00568676
0.01282960 0.00965700
0.01764087 0.01151414
0.00558183 0.00500679
0.00095430 0.00086834
0.01378106 0.01119333
0.00528527 0.00345266
0.01303107 0.00842630
0.00049336 0.00041304
0.00202586 0.00172494
0.00202395 0.00171658
0.03282198 0.02133785
0.01476935 0.01224095
0.00971702 0.00618455
0.00431855 0.00360957
0.01239201 0.00854966
0.00120971 0.00108465
0.00616016 0.00509018
0.00238209 0.00210993
0.00665170 0.00473480
0.00078893 0.00068184
0.00253034 0.00228102
0.00317821 0.00287516
0.00500733 0.00411251
0.00203954 0.00211999
0.00252324 0.00247919
0.00215814 0.00200840
0.00080323 0.00078101
0.00206472 0.00193012
0.00252768 0.00211345
0.01379024 0.00941053
0.00092847 0.00085026
0.00107177 0.00095770
0.00465714 0.00403573
0.00197853 0.00163822
0.02101247 0.01466631
0.01749874 0.01091076
0.00558447 0.00429727
0.00275018 0.00215930
0.01061290 0.00814668
0.00103965 0.00099926
0.00573168 0.00416025
0.00135093 0.00119028
0.00373778 0.00316280
0.00240131 0.00185895
0.00451132 0.00367676
0.00229282 0.00210420
0.00087785 0.00084673
0.00214057 0.00170177
0.00382811 0.00417153
0.00279000 0.00205638
0.08183473 0.04439308
0.00860859 0.00670512
0.00568514 0.00494892
0.00975250 0.00733965
0.00354693 0.00291350
0.01277177 0.00944806
0.00125995 0.00120467
0.01777195 0.01265412
0.00152029 0.00135764
0.01325594 0.00920999
0.00352918 0.00295966
0.00120164 0.00116295
0.00089015 0.00077474
0.00686551 0.00582060
0.00658658 0.00522813
0.00268472 0.00252155
0.00923417 0.00617266
0.00418782 0.00348735
0.00893970 0.00698992
0.00087829 0.00098099
0.00620386 0.00466229
0.00137864 0.00128528
0.00403948 0.00374610
0.00148614 0.00129218
0.00342636 0.00291440
0.01239552 0.01016296
0.00147106 0.00121558
0.00864238 0.00715702
0.00662288 0.00592467
0.00376320 0.00309778
0.00244437 0.00205948
0.00681000 0.00486944
0.00202246 0.00195145
0.00255000 0.00236655
0.00459414 0.00368884
0.00861842 0.00745442
0.08680478 0.03883512
0.00260321 0.00208028
0.00634720 0.00506811
0.05408428 0.02877937
0.05118602 0.02546483
0.00271118 0.00230045
0.01039640 0.00761483
0.00335475 0.00260858
0.00482827 0.00459041
0.00282440 0.00248058
0.00128155 0.00110324
0.02225340 0.01535176
0.01417378 0.01077836
0.00171810 0.00156278
0.00810388 0.00644535
0.00196579 0.00160907
0.00602653 0.00432156
0.00867717 0.00716030
0.00176283 0.00174373
0.00562363 0.00516476
0.00740327 0.00634684
0.00148729 0.00125152
0.00140772 0.00137607
0.00257570 0.00198305
0.00744536 0.00596795
0.00173369 0.00143226
0.00266702 0.00217249
0.00460600 0.00393128
0.01914623 0.01293788
0.01002406 0.00815015
0.00628045 0.00493875
0.00386644 0.00355201
0.04339303 0.02811828
0.02028287 0.01495063
0.00524205 0.00415514
0.00761581 0.00549346
0.01238723 0.00859887
0.00471850 0.00384132
0.00847784 0.00680555
0.00511398 0.00410947
