0.00662168 0.00268198
0.00773669 0.00292310
0.00655212 0.00327407
0.00190061 0.00106804
0.00783734 0.00313702
0.00508109 0.00219889
0.01208852 0.00441925
0.00213168 0.00129467
0.00805178 0.00328775
0.00628541 0.00266796
0.01572433 0.00802859
0.00449190 0.00224685
0.01234478 0.00518649
0.00680932 0.00320586
0.00319066 0.00207730
0.00112271 0.00065653
0.00162241 0.00081629
0.00871986 0.00397272
0.00629088 0.00284123
0.00187926 0.00076023
0.00274675 0.00145390
0.00360804 0.00149284
0.00205244 0.00092149
0.00374880 0.00162828
0.00737935 0.00277888
0.00873613 0.00365820
0.00637337 0.00278251
0.00144474 0.00082492
0.02044729 0.00722680
0.00398368 0.00179142
0.00156067 0.00071309
0.01107994 0.00453938
0.00500192 0.00186437
0.00273165 0.00140325
0.00151459 0.00074693
0.00413284 0.00169168
0.00512478 0.00233614
0.00419715 0.00185970
0.01983184 0.00714684
0.01693676 0.00709121
0.03493363 0.01317532
0.00392534 0.00221352
0.00214889 0.00105466
0.00334514 0.00197540
0.03135198 0.01014164
0.00327385 0.00149250
0.00752661 0.00283498
0.01206170 0.00541695
0.00471485 0.00183883
0.01048660 0.00368316
0.01460800 0.00607803
0.00164881 0.00085664
0.01898760 0.00761851
0.01685848 0.00891777
0.00789476 0.00373927
0.02675733 0.00976133
0.00367961 0.00171377
0.00325131 0.00142561
0.00505001 0.00227449
0.00527199 0.00199520
0.01213978 0.00427915
0.00292357 0.00145617
0.00742798 0.00273273
0.00285790 0.00138088
0.00088400 0.00057623
0.00091559 0.00056345
0.02433584 0.01525560
0.00522336 0.00206856
0.00592050 0.00253365
0.01402350 0.00551145
0.00685167 0.00256634
0.00253048 0.00135114
0.00842497 0.00331811
0.00739949 0.00362040
0.00142404 0.00082553
0.00423131 0.00160603
0.00871660 0.00502421
0.00330355 0.00155208
0.00714031 0.00344401
0.00706769 0.00286898
0.00386101 0.00164305
0.00874788 0.00370654
0.00776563 0.00352054
0.00158912 0.00071444
0.01152328 0.00488482
0.01686052 0.00602293
0.00449767 0.00234378
0.00247783 0.00115426
0.00683642 0.00229888
0.00228489 0.00131593
0.02928756 0.01292981
0.01112357 0.00572997
0.00118599 0.00072535
0.00277154 0.00130246
0.00190451 0.00090746
0.00926482 0.00356234
0.00372985 0.00178705
0.00479576 0.00214188
0.00975849 0.00419713
0.01303222 0.00543227
0.00318852 0.00154432
0.00633253 0.00317485
0.01428987 0.00634082
0.00374837 0.00189356
0.02792812 0.01101233
0.00936622 0.00393244
0.00230144 0.00122547
0.00069794 0.00049600
0.00350564 0.00186519
0.00664018 0.00244015
0.01089298 0.00515523
0.00617518 0.00278548
0.01552426 0.00611217
0.01091225 0.00477891
0.01649571 0.00773419
0.00207549 0.00107029
0.00831473 0.00363243
0.00653956 0.00269447
0.00982861 0.00475384
0.01949955 0.00638405
0.00428308 0.00202224
0.01040863 0.00363681
0.00604848 0.00231040
0.00371164 0.00182631
0.00284345 0.00131647
0.00208540 0.00131739
0.00255563 0.00115206
0.00097049 0.00055323
0.00990869 0.00358570
0.00829573 0.00368481
0.00517238 0.00247983
0.00360911 0.00163505
0.00555788 0.00248101
0.00814077 0.00357295
0.00330152 0.00155101
0.00688271 0.00302392
0.00130386 0.00077610
0.01090612 0.00530998
0.01165766 0.00541235
0.00320076 0.00156227
0.00076911 0.00043424
0.00176590 0.00087838
0.00625972 0.00234627
0.00431131 0.00187532
0.00730742 0.00287446
0.01154948 0.00503425
0.00566005 0.00288751
0.00178597 0.00090989
0.00238581 0.00123865
0.00736988 0.00333351
0.00795198 0.00316068
0.00231232 0.00126794
0.01052473 0.00435512
0.01650991 0.00643436
0.00262624 0.00134790
0.00495954 0.00268878
0.00755770 0.00283708
0.00472201 0.00217491
0.00357697 0.00154409
0.00517067 0.00289456
0.01147156 0.00535106
0.00238712 0.00130924
0.00232295 0.00109953
0.00212196 0.00128430
0.00337743 0.00174231
0.00142572 0.00080261
0.00220298 0.00115655
0.00244563 0.00120342
0.00357576 0.00152043
0.00368452 0.00165124
0.00136570 0.00082159
0.01144403 0.00406710
0.02653056 0.01262698
0.01086185 0.00446545
0.01105430 0.00437189
0.00205773 0.00123899
0.00968979 0.00460097
0.00775122 0.00299713
0.01158726 0.00435789
0.00121335 0.00078717
0.00650539 0.00250413
0.01262119 0.00453295
0.00193126 0.00102016
0.02061747 0.00658532
0.00530557 0.00263001
0.00467917 0.00188163
0.00723848 0.00297399
0.00131146 0.00066751
0.00793680 0.00307285
0.00440423 0.00203440
0.00132867 0.00086921
0.00822922 0.00348666
0.00382596 0.00185178
0.00413411 0.00194609
0.02800122 0.01397239
0.01948388 0.00820912
0.01037932 0.00453195
0.00178541 0.00084991
0.00258489 0.00106845
0.00319414 0.00145344
0.01160553 0.00498432
0.00282118 0.00191278
0.02550469 0.00951791
0.00180534 0.00089231
0.00470792 0.00226073
0.00457257 0.00227757
0.00436914 0.00214129
0.00222144 0.00104334
0.00223620 0.00121590
0.01593300 0.00610897
0.00336925 0.00154508
0.00243532 0.00145255
0.00311989 0.00156112
0.00273703 0.00128064
0.00098717 0.00063324
0.00148472 0.00092862
0.00664974 0.00311229
0.00689250 0.00252740
0.00449524 0.00204676
0.00147818 0.00080084
0.01465125 0.00555685
0.00895907 0.00369546
0.00766691 0.00314631
0.00233575 0.00128741
0.00294171 0.00154290
0.00259759 0.00135464
0.01775223 0.00498576
0.00401745 0.00168551
0.00364045 0.00179150
0.00212087 0.00107793
0.00340213 0.00166106
0.00776513 0.00357220
0.01386015 0.00617309
0.00854149 0.00358189
0.00387926 0.00210643
0.00366450 0.00164347
0.00531835 0.00202418
0.00219750 0.00116197
0.00196505 0.00107764
0.00471811 0.00199997
0.00587506 0.00259901
0.01182502 0.00610494
0.00169876 0.00094370
0.01173710 0.00455241
0.00772357 0.00315475
0.00150505 0.00068208
0.00204608 0.00137210
0.01199585 0.00468757
0.02223651 0.00923930
0.00584002 0.00370668
0.00580082 0.00283898
0.01281855 0.00486521
0.00168562 0.00093691
0.00564013 0.00245417
0.01188940 0.00526429
0.02268746 0.00828441
0.00658155 0.00273479
0.00826672 0.00321175
0.00531318 0.00223557
0.01876545 0.01141143
0.00296282 0.00129546
0.00222379 0.00126651
0.00536013 0.00278088
0.00297477 0.00142888
0.00399914 0.00207441
0.01015418 0.00404776
0.00190766 0.00089576
0.00090533 0.00062862
0.00346835 0.00202164
0.00749522 0.00369410
0.00210902 0.00103277
0.00983232 0.00368086
0.00362968 0.00196746
0.01045797 0.00384879
0.00106573 0.00065555
0.00213240 0.00096017
0.00132292 0.00068826
0.00942250 0.00345671
0.00689511 0.00268458
0.00294287 0.00171510
0.01917904 0.00775567
0.00215147 0.00120309
0.00597276 0.00230739
0.00183353 0.00100467
0.01361490 0.00566262
0.00588909 0.00281991
0.00458341 0.00188059
0.00069562 0.00053983
0.00843436 0.00306031
0.00153259 0.00077892
0.00367394 0.00164083
0.00652255 0.00257054
0.00424142 0.00201095
0.00236974 0.00135066
0.00172241 0.00089451
0.00510474 0.00294901
0.01570264 0.00518521
0.00134019 0.00072828
0.02395090 0.00839955
0.00369553 0.00148571
0.01798208 0.00793645
0.00727449 0.00267014
0.00191539 0.00120176
0.00612970 0.00258166
0.00884663 0.00317061
0.00936534 0.00415792
0.00444505 0.00184086
0.01108492 0.00427452
0.00820744 0.00288277
0.00295944 0.00142556
0.00660944 0.00245239
0.00725347 0.00268011
0.00578309 0.00210380
0.00254746 0.00133538
0.02413059 0.00859637
0.00099994 0.00068377
0.00672154 0.00322844
0.00713995 0.00311354
0.00507850 0.00198236
0.01734116 0.00548809
0.01032625 0.00543361
0.01812755 0.00609239
0.00118469 0.00065836
0.00541814 0.00250102
0.00332103 0.00154965
0.01150377 0.00475667
0.00678886 0.00286253
0.00637782 0.00267282
0.00556110 0.00225585
0.00205797 0.00111063
0.00205657 0.00106199
0.00582721 0.00317864
0.01244421 0.00503014
0.00838848 0.00275419
0.00157808 0.00095708
0.00557593 0.00285596
0.00114907 0.00066223
0.00378048 0.00175783
0.00196779 0.00103407
0.00549185 0.00461433
0.00130837 0.00067696
0.00578057 0.00294853
0.00726408 0.00386810
0.00671682 0.00298148
0.00498968 0.00217802
0.00387119 0.00182228
0.05264971 0.02676424
0.00839034 0.00336286
0.00415955 0.00170059
0.00522717 0.00316121
0.00764458 0.00393200
0.00644148 0.00273897
0.00278043 0.00149217
0.00194241 0.00100069
0.00126278 0.00081115
0.00109529 0.00068041
0.00686727 0.00290840
0.00495305 0.00182397
0.00719282 0.00307960
0.00114542 0.00078161
0.00087547 0.00059271
0.01257521 0.00520481
0.00680249 0.00260676
0.00371380 0.00146024
0.00207051 0.00104476
0.00753516 0.00304746
0.01789264 0.00767517
0.00841910 0.00380811
0.00512929 0.00216980
0.00501496 0.00194265
0.00290182 0.00174510
0.00445632 0.00227052
0.00656102 0.00238226
0.00929714 0.00339833
0.01094293 0.00385059
0.00970715 0.00363384
0.00426112 0.00178907
0.00223224 0.00107865
0.00805926 0.00362762
0.01143659 0.00481592
0.00944100 0.00371110
0.00139994 0.00081898
0.00474929 0.00201597
0.00674465 0.00278395
0.00167506 0.00087834
0.00402739 0.00240655
0.00729180 0.00280090
0.00260962 0.00127426
0.00966554 0.00499608
0.01352419 0.00432768
0.00694827 0.00316740
0.00289314 0.00122029
0.00266900 0.00134570
0.00076436 0.00051656
0.02127077 0.01147496
0.00983776 0.00439266
0.00714612 0.00325406
0.00224145 0.00096460
0.00240633 0.00102326
0.00265428 0.00145146
0.01187035 0.00452960
0.00712159 0.00316863
0.00296343 0.00148995
0.02179736 0.00756249
0.00117667 0.00068733
0.00790698 0.00419693
0.00227750 0.00113993
0.00563557 0.00263785
0.01634362 0.00704034
0.00929579 0.00316660
0.00772486 0.00280382
0.00220936 0.00120323
0.02620201 0.00799897
0.00264820 0.00112837
0.00178763 0.00089316
0.00329672 0.00167609
0.00726356 0.00333222
0.00281763 0.00170181
0.00566822 0.00230437
0.00210875 0.00123657
0.00571862 0.00199959
0.00750811 0.00305878
0.00163815 0.00106550
0.01048033 0.00463335
0.00254857 0.00117999
0.00720300 0.00285734
0.00593646 0.00274623
0.00483449 0.00210353
0.01298672 0.00499406
0.01119637 0.00396959
0.00366723 0.00173551
0.04118069 0.01605775
0.00383498 0.00219295
0.00648572 0.00257328
0.00613987 0.00248745
0.00220256 0.00116128
0.00828821 0.00301205
0.00331632 0.00155001
0.00563232 0.00250838
0.00426772 0.00223106
0.00451280 0.00232465
0.00709614 0.00314611
0.00994380 0.00572353
0.00783237 0.00256916
0.00801975 0.00269558
0.00647956 0.00239532
0.00630955 0.00357205
0.00575460 0.00269027
0.00224784 0.00109384
0.00644545 0.00283573
0.00353293 0.00170057
0.00747293 0.00284256
0.00546162 0.00204415
0.00853515 0.00363328
0.00601656 0.00279069
0.00492562 0.00212093
0.00938094 0.00434466
0.00464941 0.00169164
0.00981434 0.00377966
0.01281188 0.00437586
0.05069719 0.01805288
0.01994878 0.00915470
0.00545001 0.00282357
0.04921900 0.01404474
0.01332815 0.00623480
0.00225063 0.00131281
0.01645710 0.00528134
0.01863116 0.00726006
0.01567557 0.00565456
0.00219684 0.00110106
0.00146248 0.00078742
0.01027287 0.00566659
0.01123773 0.00504791
0.00092301 0.00060379
0.01496571 0.00614964
0.00377138 0.00152561
0.00287800 0.00146558
0.00323789 0.00158413
0.00098874 0.00059035
0.00644754 0.00230388
0.05904934 0.02699728
0.00417483 0.00178048
0.00235159 0.00138475
0.00222442 0.00110269
0.00488649 0.00208898
0.00329540 0.00148767
0.00241989 0.00119955
0.00874681 0.00316672
0.05139213 0.02380276
0.00615228 0.00246659
0.00424361 0.00183404
0.00570226 0.00220719
0.00519130 0.00302489
0.02709297 0.00837394
0.00375336 0.00193718
0.01530030 0.00472445
0.00184353 0.00088537
0.00293087 0.00136998
0.00626346 0.00247804
0.01058155 0.00513070
